"SiteJ snow model initialization file to be used as DEBAM input"
layerdepth layerthickness layerdensity layertemperature
0.0250 0.0500 350.1756 -7.0318
0.0750 0.0500 350.1756 -7.7057
0.1250 0.0500 350.2337 -8.3796
0.1750 0.0500 350.5747 -9.0535
0.2250 0.0500 351.4717 -9.7274
0.2750 0.0500 353.5873 -10.4013
0.3250 0.0500 359.1923 -11.0752
0.3750 0.0500 373.5307 -11.7491
0.4250 0.0500 407.2852 -12.4230
0.4750 0.0500 498.2926 -12.8650
0.5250 0.0500 592.5345 -13.0750
0.5750 0.0500 554.4884 -13.2850
0.6250 0.0500 600.2715 -13.4950
0.6750 0.0500 419.4250 -13.7050
0.7250 0.0500 399.6929 -13.8553
0.7750 0.0500 404.3903 -13.9459
0.8250 0.0500 439.1783 -14.0366
0.8750 0.0500 398.3578 -14.1272
0.9250 0.0500 401.1397 -14.2178
0.9750 0.0500 404.2456 -14.3084
1.0500 0.1000 438.4742 -14.4444
1.1500 0.1000 424.0957 -14.6256
1.2500 0.1000 367.9656 -14.8069
1.3500 0.1000 386.5309 -14.9881
1.4500 0.1000 541.0406 -15.1694
1.5500 0.1000 500.7293 -15.3506
1.6500 0.1000 354.0381 -15.5319
1.7500 0.1000 354.0304 -15.7131
1.8500 0.1000 341.3600 -15.8944
1.9500 0.1000 340.1739 -16.0756
2.0500 0.1000 342.9169 -16.2569
2.1500 0.1000 340.8271 -16.4381
2.2500 0.1000 360.5138 -16.6194
2.3500 0.1000 380.6857 -16.7450
2.4500 0.1000 397.1535 -16.8150
2.5500 0.1000 482.2230 -16.8850
2.6500 0.1000 612.5105 -16.9550
2.7500 0.1000 620.5645 -17.0250
2.8500 0.1000 594.0734 -17.0700
2.9500 0.1000 634.6669 -17.0900
3.0500 0.1000 671.9521 -17.1100
3.1500 0.1000 635.8421 -17.1300
3.2500 0.1000 518.2253 -17.1500
3.3500 0.1000 499.8887 -17.1410
3.4500 0.1000 586.2189 -17.1030
3.5500 0.1000 603.6995 -17.0650
3.6500 0.1000 580.7065 -17.0270
3.7500 0.1000 638.9950 -16.9890
3.8500 0.1000 685.1067 -16.9560
3.9500 0.1000 543.7012 -16.9280
4.0500 0.1000 502.8690 -16.9000
4.1500 0.1000 705.2720 -16.8720
4.2500 0.1000 728.0090 -16.8440
4.3500 0.1000 574.4686 -16.8030
4.4500 0.1000 532.3005 -16.7490
4.5500 0.1000 481.4765 -16.6950
4.6500 0.1000 414.6677 -16.6410
4.7500 0.1000 416.8225 -16.5870
4.8500 0.1000 419.1703 -16.5040
4.9500 0.1000 420.8848 -16.3920
5.0500 0.1000 502.2233 -16.2800
5.1500 0.1000 650.3290 -16.1680
5.2500 0.1000 634.6213 -16.0560
5.3500 0.1000 499.4042 -15.9900
5.4500 0.1000 513.0201 -15.9700
5.5500 0.1000 694.6459 -15.9500
5.6500 0.1000 831.8212 -15.9300
5.7500 0.1000 812.9560 -15.9100
5.8500 0.1000 772.6916 -15.8720
5.9500 0.1000 830.0153 -15.8160
6.0500 0.1000 880.4976 -15.7600
6.1500 0.1000 878.0389 -15.7040
6.2500 0.1000 854.9228 -15.6480
6.3500 0.1000 781.6856 -15.5890
6.4500 0.1000 653.2165 -15.5270
6.5500 0.1000 522.8050 -15.4650
6.6500 0.1000 481.8464 -15.4030
6.7500 0.1000 483.0558 -15.3410
6.8500 0.1000 467.4643 -15.2720
6.9500 0.1000 459.6662 -15.1960
7.0500 0.1000 461.1690 -15.1200
7.1500 0.1000 477.8810 -15.0440
7.2500 0.1000 506.8421 -14.9680
7.3500 0.1000 509.8714 -14.9100
7.4500 0.1000 559.0250 -14.8700
7.5500 0.1000 718.3955 -14.8300
7.6500 0.1000 847.8513 -14.7900
7.7500 0.1000 872.4324 -14.7500
7.8500 0.1000 788.2369 -14.7120
7.9500 0.1000 611.6266 -14.6760
8.0500 0.1000 550.4415 -14.6400
8.1500 0.1000 592.1011 -14.6040
8.2500 0.1000 545.8412 -14.5680
8.3500 0.1000 499.8819 -14.5310
8.4500 0.1000 513.4073 -14.4930
8.5500 0.1000 585.5671 -14.4550
8.6500 0.1000 663.9226 -14.4170
8.7500 0.1000 605.2723 -14.3790
8.8500 0.1000 555.5321 -14.3430
8.9500 0.1000 634.6114 -14.3090
9.0500 0.1000 704.8307 -14.2750
9.1500 0.1000 695.1966 -14.2410
9.2500 0.1000 766.4576 -14.2070
9.3500 0.1000 860.6097 -14.1760
9.4500 0.1000 866.6209 -14.1480
9.5500 0.1000 801.3168 -14.1200
9.6500 0.1000 641.1729 -14.0920
9.7500 0.1000 552.3621 -14.0640
9.8500 0.1000 593.3838 -14.0420
9.9500 0.1000 705.8721 -14.0260
10.1000 0.2000 851.6077 -14.0020
10.3500 0.3000 863.3532 -13.9740
10.7000 0.4000 829.9927 -14.0020
11.1500 0.5000 699.9928 -13.8420
11.6500 0.5000 677.0024 -13.7560
12.1500 0.5000 571.5236 -13.7220
12.6500 0.5000 620.2071 -13.6400
13.1500 0.5000 871.2182 -13.6520
13.6500 0.5000 753.1604 -13.6595
14.1500 0.5000 639.2523 -13.6445
14.6500 0.5000 719.7534 -13.6400
15.1500 0.5000 628.8035 -13.6400
15.6500 0.5000 639.5611 -13.6610
16.1500 0.5000 613.2439 -13.6910
16.6500 0.5000 805.6921 -13.7070
17.1500 0.5000 659.1318 -13.7170
17.6500 0.5000 723.3277 -13.8005
18.1500 0.5000 619.7161 -13.9155
18.6500 0.5000 653.9715 -13.9500
19.1500 0.5000 702.8141 -13.9500
19.6500 0.5000 653.2939 -13.9500
20.1500 0.5000 640.2868 -13.9500
20.6500 0.5000 826.5487 -13.9500
21.1500 0.5000 751.4479 -13.9500
21.6500 0.5000 829.0591 -13.9500
22.1500 0.5000 656.6270 -13.9500
22.6500 0.5000 669.4235 -13.9500
23.1500 0.5000 646.4857 -13.9500
23.6500 0.5000 671.0089 -13.9500
24.1500 0.5000 703.3916 -13.9500
24.6500 0.5000 710.2876 -13.9500
25.1500 0.5000 686.1230 -13.9500
25.6500 0.5000 659.0236 -13.9500
26.1500 0.5000 669.7001 -13.9500
26.6500 0.5000 778.2794 -13.9500
27.1500 0.5000 790.0039 -13.9500
27.6500 0.5000 790.0039 -13.9500
28.1500 0.5000 790.0039 -13.9500
28.6500 0.5000 790.0039 -13.9500
29.1500 0.5000 790.0039 -13.9500
29.6500 0.5000 790.0039 -13.9500
30.1500 0.5000 790.0039 -13.9500
30.6500 0.5000 790.0039 -13.9500
31.1500 0.5000 790.0039 -13.9500
31.6500 0.5000 790.0039 -13.9500
32.1500 0.5000 790.0039 -13.9500
32.6500 0.5000 790.0039 -13.9500
33.1500 0.5000 790.0039 -13.9500
33.6500 0.5000 790.0039 -13.9500
34.1500 0.5000 790.0039 -13.9500
34.6500 0.5000 790.0039 -13.9500
