"SiteJ snow model initialization file to be used as DEBAM input"
layerdepth layerthickness layerdensity layertemperature
0.0250 0.0500 354.0000 -17.0568
0.0750 0.0500 354.0000 -17.0435
0.1250 0.0500 354.0000 -17.0302
0.1750 0.0500 354.0000 -17.0170
0.2250 0.0500 354.0000 -17.0037
0.2750 0.0500 354.0000 -16.9904
0.3250 0.0500 354.0000 -16.9772
0.3750 0.0500 329.0000 -16.9639
0.4250 0.0500 329.0000 -16.9506
0.4750 0.0500 351.0000 -16.9373
0.5250 0.0500 351.0000 -16.9241
0.5750 0.0500 335.0000 -16.9108
0.6250 0.0500 335.0000 -16.8975
0.6750 0.0500 335.0000 -16.8842
0.7250 0.0500 367.0000 -16.8710
0.7750 0.0500 367.0000 -16.8577
0.8250 0.0500 387.0000 -16.8444
0.8750 0.0500 387.0000 -16.8311
0.9250 0.0500 387.0000 -16.8179
0.9750 0.0500 407.0000 -16.8046
1.0500 0.1000 407.0000 -16.8364
1.1500 0.1000 753.0000 -17.0684
1.2500 0.1000 555.0000 -17.3004
1.3500 0.1000 600.0000 -17.5324
1.4500 0.1000 631.0000 -17.7644
1.5500 0.1000 688.0000 -17.9552
1.6500 0.1000 688.0000 -17.9812
1.7500 0.1000 448.0000 -18.0072
1.8500 0.1000 460.0000 -18.0332
1.9500 0.1000 659.0000 -18.0592
2.0500 0.1000 582.0000 -18.0688
2.1500 0.1000 582.0000 -18.0128
2.2500 0.1000 576.0000 -17.9568
2.3500 0.1000 858.0000 -17.9008
2.4500 0.1000 428.0000 -17.8448
2.5500 0.1000 403.0000 -17.7880
2.6500 0.1000 830.0000 -17.7280
2.7500 0.1000 809.5000 -17.6680
2.8500 0.1000 408.0000 -17.6080
2.9500 0.1000 653.5000 -17.5480
3.0500 0.1000 414.0000 -17.4796
3.1500 0.1000 414.0000 -17.3776
3.2500 0.1000 417.0000 -17.2756
3.3500 0.1000 420.0000 -17.1736
3.4500 0.1000 420.0000 -17.0716
3.5500 0.1000 424.0000 -16.9584
3.6500 0.1000 789.0000 -16.8004
3.7500 0.1000 624.0000 -16.6424
3.8500 0.1000 459.0000 -16.4844
3.9500 0.1000 431.0000 -16.3264
4.0500 0.1000 772.0000 -16.1884
4.1500 0.1000 858.0000 -16.1304
4.2500 0.1000 849.0000 -16.0724
4.3500 0.1000 671.5000 -16.0144
4.4500 0.1000 907.0000 -15.9564
4.5500 0.1000 858.0000 -15.8936
4.6500 0.1000 898.0000 -15.8116
4.7500 0.1000 858.0000 -15.7296
4.8500 0.1000 792.0000 -15.6476
4.9500 0.1000 659.0000 -15.5656
5.0500 0.1000 460.0000 -15.4816
5.1500 0.1000 491.0000 -15.3896
5.2500 0.1000 489.0000 -15.2976
5.3500 0.1000 459.0000 -15.2056
5.4500 0.1000 459.0000 -15.1136
5.5500 0.1000 462.0000 -15.0160
5.6500 0.1000 462.0000 -14.8960
5.7500 0.1000 535.0000 -14.7760
5.8500 0.1000 500.0000 -14.6560
5.9500 0.1000 500.0000 -14.5360
6.0500 0.1000 771.5000 -14.4256
6.1500 0.1000 879.0000 -14.3536
6.2500 0.1000 875.0000 -14.2816
6.3500 0.1000 858.0000 -14.2096
6.4500 0.1000 515.0000 -14.1376
6.5500 0.1000 515.0000 -14.0688
6.6500 0.1000 678.0000 -14.0128
6.7500 0.1000 494.0000 -13.9568
6.8500 0.1000 494.0000 -13.9008
6.9500 0.1000 521.0000 -13.8448
7.0500 0.1000 521.0000 -13.7872
7.1500 0.1000 818.0000 -13.7232
7.2500 0.1000 494.0000 -13.6592
7.3500 0.1000 586.0000 -13.5952
7.4500 0.1000 565.0000 -13.5312
7.5500 0.1000 858.0000 -13.4696
7.6500 0.1000 533.0000 -13.4176
7.7500 0.1000 858.0000 -13.3656
7.8500 0.1000 858.0000 -13.3136
7.9500 0.1000 870.0000 -13.2616
8.0500 0.1000 870.0000 -13.2116
8.1500 0.1000 554.0000 -13.1696
8.2500 0.1000 545.5000 -13.1276
8.3500 0.1000 566.0000 -13.0856
8.4500 0.1000 718.5000 -13.0436
8.5500 0.1000 858.0000 -13.0056
8.6500 0.1000 843.0000 -12.9836
8.7500 0.1000 877.0000 -12.9616
8.8500 0.1000 858.0000 -12.9396
8.9500 0.1000 858.0000 -12.9176
9.0500 0.1000 858.0000 -12.9004
9.1500 0.1000 858.0000 -12.9024
9.2500 0.1000 858.0000 -12.9044
9.3500 0.1000 616.0000 -12.9064
9.4500 0.1000 858.0000 -12.9084
9.5500 0.1000 597.0000 -12.9004
9.6500 0.1000 720.0000 -12.8524
9.7500 0.1000 690.0000 -12.8044
9.8500 0.1000 660.0000 -12.7564
9.9500 0.1000 704.5000 -12.7084
10.1000 0.2000 567.0000 -12.6672
10.3500 0.3000 858.0000 -12.6572
10.7000 0.4000 554.0000 -12.6500
11.1500 0.5000 600.0000 -12.6284
11.6500 0.5000 912.0000 -12.5816
12.1500 0.5000 748.5000 -12.6536
12.6500 0.5000 618.0000 -12.6686
13.1500 0.5000 740.5000 -12.6896
13.6500 0.5000 615.0000 -12.7296
14.1500 0.5000 647.0000 -12.7768
14.6500 0.5000 588.0000 -12.8468
15.1500 0.5000 845.5000 -12.9156
15.6500 0.5000 631.0000 -12.9806
16.1500 0.5000 744.5000 -13.0696
16.6500 0.5000 603.0000 -13.2346
17.1500 0.5000 654.0000 -13.3600
17.6500 0.5000 713.0000 -13.3600
18.1500 0.5000 650.0000 -13.3600
18.6500 0.5000 619.0000 -13.3600
19.1500 0.5000 858.0000 -13.3600
19.6500 0.5000 730.0000 -13.3600
20.1500 0.5000 858.0000 -13.3600
20.6500 0.5000 633.0000 -13.3600
21.1500 0.5000 676.0000 -13.3600
21.6500 0.5000 641.0000 -13.3600
22.1500 0.5000 671.0000 -13.3600
22.6500 0.5000 706.0000 -13.3600
23.1500 0.5000 713.0000 -13.3600
23.6500 0.5000 686.0000 -13.3600
24.1500 0.5000 656.0000 -13.3600
24.6500 0.5000 660.0000 -13.3600
25.1500 0.5000 790.0000 -13.3600
25.6500 0.5000 790.0000 -13.3600
26.1500 0.5000 790.0000 -13.3600
26.6500 0.5000 790.0000 -13.3600
27.1500 0.5000 790.0000 -13.3600
27.6500 0.5000 790.0000 -13.3600
28.1500 0.5000 790.0000 -13.3600
28.6500 0.5000 790.0000 -13.3600
29.1500 0.5000 790.0000 -13.3600
29.6500 0.5000 790.0000 -13.3600
30.1500 0.5000 790.0000 -13.3600
30.6500 0.5000 790.0000 -13.3600
31.1500 0.5000 790.0000 -13.3600
31.6500 0.5000 790.0000 -13.3600
32.1500 0.5000 790.0000 -13.3600
32.6500 0.5000 790.0000 -13.3600
33.1500 0.5000 790.0000 -13.3600
33.6500 0.5000 790.0000 -13.3600
34.1500 0.5000 790.0000 -13.3600
34.6500 0.5000 790.0000 -13.3600
